1 1200 384 1200 1200 200 10
1 1280 432 1280 1280 200 10
1 1480 410 1480 1480 200 10
1 1570 410 1570 1570 200 10
1 1670 410 1670 1670 200 10
2 2100 411 2065 2140 400 15
2 1970 411 1920 2000 400 15
2 2050 339 2020 2080 400 15
2 2150 339 2100 2180 400 15
3 2680 196 2638 2710 600 20
3 2870 172 2830 2920 600 20
3 3045 148 2990 3080 600 20
3 2800 412 2755 2840 600 20
3 2900 412 2840 2950 600 20
3 3090 412 3000 3150 600 20
4 3830 395 3795 3865 1000 30
4 4000 395 3950 4050 1000 30
4 3970 323 3920 4020 1000 30
4 3890 299 3855 3930 1000 30
5 4390 373 4260 4500 10000 100